font_0_d 0.39 0.12 0.15 0.15 
font_0_k 0.78 0.86 0.21 0.21 
font_0_t 0.14 0.87 0.1 0.1 
font_0_B 0.33 0.64 0.17 0.17 
font_0_Q 0.72 0.29 0.14 0.14 
font_1_c 0.75 0.78 0.12 0.12 
font_1_n 0.9 0.66 0.09 0.09 
font_1_F 0.87 0.54 0.11 0.11 
font_1_P 0.76 0.56 0.1 0.1 
font_2_g 0.21 0.27 0.16 0.16 
font_2_k 0.21 0.65 0.12 0.12 
font_2_t 0.31 0.58 0.13 0.13 
font_2_H 0.69 0.69 0.2 0.2 
font_2_K 0.45 0.96 0.19 0.19 
font_2_T 0.35 0.31 0.13 0.13 
font_3_e 0.62 0.71 0.12 0.12 
font_3_q 0.48 0.1 0.11 0.11 
font_3_I 0.84 0.8 0.14 0.14 
font_3_L 0.76 0.32 0.21 0.21 
font_4_c 0.09 0.59 0.13 0.13 
font_4_n 0.37 0.63 0.17 0.17 
font_4_G 0.6 0.05 0.11 0.11 
font_4_L 0.38 0.77 0.18 0.18 
font_4_T 0.29 0.9 0.15 0.15 
font_5_p 0.51 0.28 0.1 0.1 
font_5_C 0.82 0.65 0.16 0.16 
font_5_S 0.75 0.12 0.12 0.12 
font_6_r 0.95 0.09 0.19 0.19 
font_6_E 0.12 0.88 0.09 0.09 
font_6_L 0.93 0.59 0.12 0.12 
font_6_T 0.21 0.81 0.22 0.22 
font_7_i 0.1 0.29 0.21 0.21 
font_7_k 0.43 0.12 0.17 0.17 
font_7_t 0.29 0.94 0.13 0.13 
font_7_I 0.4 0.24 0.1 0.1 
font_7_K 0.75 0.25 0.11 0.11 
font_7_T 0.29 0.37 0.08 0.08 
font_8_b 0.6 0.34 0.11 0.11 
font_8_t 0.57 0.39 0.18 0.18 
font_8_B 0.7 0.19 0.11 0.11 
font_8_T 0.84 0.94 0.08 0.08 
font_9_j 0.58 0.23 0.14 0.14 
font_9_q 0.92 0.15 0.1 0.1 
font_9_B 0.65 0.89 0.18 0.18 
font_9_Q 0.23 0.07 0.1 0.1