font_0_h 0.82 0.84 0.14 0.14 
font_0_l 0.53 0.43 0.11 0.11 
font_0_t 0.56 0.39 0.18 0.18 
font_0_C 0.09 0.76 0.13 0.13 
font_0_O 0.44 0.62 0.09 0.09 
font_1_c 0.3 0.19 0.21 0.21 
font_1_t 0.92 0.44 0.14 0.14 
font_1_B 0.33 0.8 0.21 0.21 
font_1_S 0.7 0.21 0.22 0.22 
font_2_e 0.43 0.9 0.13 0.13 
font_2_k 0.3 0.2 0.1 0.1 
font_2_t 0.39 0.82 0.1 0.1 
font_2_J 0.1 0.18 0.21 0.21 
font_2_N 0.3 0.74 0.13 0.13 
font_3_g 0.46 0.11 0.12 0.12 
font_3_n 0.73 0.06 0.14 0.14 
font_3_J 0.81 0.38 0.18 0.18 
font_3_R 0.62 0.15 0.19 0.19 
font_4_s 0.8 0.42 0.21 0.21 
font_4_E 0.35 0.86 0.17 0.17 
font_4_P 0.33 0.6 0.08 0.08 
font_5_e 0.05 0.81 0.2 0.2 
font_5_n 0.39 0.76 0.1 0.1 
font_5_E 0.29 0.44 0.13 0.13 
font_5_P 0.29 0.71 0.08 0.08 
font_6_f 0.73 0.59 0.17 0.17 
font_6_t 0.72 0.62 0.12 0.12 
font_6_H 0.82 0.47 0.14 0.14 
font_6_N 0.31 0.1 0.13 0.13 
font_7_j 0.58 0.34 0.11 0.11 
font_7_k 0.4 0.06 0.09 0.09 
font_7_Q 0.71 0.5 0.12 0.12 
font_8_d 0.07 0.95 0.09 0.09 
font_8_l 0.1 0.93 0.09 0.09 
font_8_M 0.24 0.5 0.12 0.12 
font_9_d 0.82 0.57 0.13 0.13 
font_9_t 0.43 0.25 0.14 0.14 
font_9_G 0.89 0.49 0.13 0.13 
font_9_K 0.64 0.57 0.13 0.13