font_0_h 0.5 0.37 0.19 0.19 
font_0_r 0.09 0.39 0.12 0.12 
font_0_H 0.52 0.46 0.1 0.1 
font_0_M 0.68 0.49 0.09 0.09 
font_1_h 0.28 0.12 0.22 0.22 
font_1_P 0.77 0.91 0.18 0.18 
font_2_b 0.73 0.43 0.21 0.21 
font_2_k 0.59 0.43 0.19 0.19 
font_2_t 0.37 0.36 0.12 0.12 
font_2_E 0.32 0.73 0.1 0.1 
font_2_K 0.2 0.29 0.17 0.17 
font_3_c 0.8 0.53 0.09 0.09 
font_3_q 0.07 0.69 0.13 0.13 
font_3_I 0.15 0.45 0.1 0.1 
font_3_K 0.18 0.9 0.14 0.14 
font_4_j 0.1 0.72 0.15 0.15 
font_4_m 0.68 0.73 0.22 0.22 
font_4_C 0.55 0.74 0.18 0.18 
font_4_N 0.07 0.22 0.2 0.2 
font_5_f 0.63 0.45 0.09 0.09 
font_5_q 0.24 0.84 0.12 0.12 
font_5_H 0.2 0.24 0.16 0.16 
font_5_P 0.77 0.3 0.13 0.13 
font_6_c 0.73 0.86 0.11 0.11 
font_6_n 0.69 0.34 0.11 0.11 
font_6_J 0.63 0.95 0.09 0.09 
font_6_R 0.32 0.13 0.11 0.11 
font_7_g 0.94 0.29 0.09 0.09 
font_7_F 0.24 0.1 0.15 0.15 
font_7_S 0.18 0.1 0.19 0.19 
font_8_d 0.12 0.67 0.2 0.2 
font_8_l 0.53 0.86 0.18 0.18 
font_8_t 0.73 0.3 0.17 0.17 
font_9_i 0.48 0.23 0.21 0.21 
font_9_o 0.73 0.43 0.14 0.14 
font_9_F 0.21 0.62 0.17 0.17 
font_9_L 0.11 0.16 0.11 0.11