font_0_h 0.11 0.67 0.17 0.17 
font_0_p 0.53 0.38 0.2 0.2 
font_0_M 0.37 0.44 0.12 0.12 
font_1_j 0.12 0.74 0.21 0.21 
font_1_m 0.38 0.32 0.15 0.15 
font_1_J 0.69 0.73 0.18 0.18 
font_1_M 0.49 0.32 0.21 0.21 
font_2_c 0.26 0.35 0.09 0.09 
font_2_l 0.87 0.19 0.1 0.1 
font_2_D 0.65 0.51 0.19 0.19 
font_2_T 0.15 0.42 0.21 0.21 
font_3_e 0.89 0.51 0.12 0.12 
font_3_k 0.71 0.24 0.18 0.18 
font_3_t 0.75 0.82 0.18 0.18 
font_3_C 0.76 0.52 0.13 0.13 
font_3_P 0.78 0.2 0.16 0.16 
font_4_d 0.59 0.56 0.08 0.08 
font_4_r 0.9 0.45 0.17 0.17 
font_4_J 0.36 0.35 0.09 0.09 
font_4_N 0.32 0.57 0.09 0.09 
font_5_c 0.45 0.83 0.21 0.21 
font_5_s 0.67 0.21 0.16 0.16 
font_5_K 0.56 0.84 0.13 0.13 
font_5_T 0.76 0.77 0.1 0.1 
font_6_f 0.77 0.43 0.19 0.19 
font_6_I 0.71 0.87 0.1 0.1 
font_6_S 0.5 0.56 0.13 0.13 
font_7_g 0.49 0.63 0.18 0.18 
font_7_r 0.56 0.41 0.18 0.18 
font_7_J 0.48 0.51 0.11 0.11 
font_7_K 0.62 0.76 0.2 0.2 
font_8_i 0.22 0.61 0.15 0.15 
font_8_F 0.12 0.25 0.11 0.11 
font_8_M 0.25 0.13 0.19 0.19 
font_9_h 0.82 0.65 0.1 0.1 
font_9_k 0.51 0.44 0.21 0.21 
font_9_C 0.84 0.71 0.19 0.19 
font_9_Q 0.21 0.46 0.09 0.09