font_0_j 0.31 0.54 0.12 0.12 
font_0_k 0.65 0.28 0.21 0.21 
font_0_t 0.66 0.18 0.1 0.1 
font_0_B 0.53 0.32 0.16 0.16 
font_1_h 0.35 0.75 0.14 0.14 
font_1_p 0.43 0.15 0.16 0.16 
font_1_E 0.64 0.81 0.15 0.15 
font_1_L 0.88 0.51 0.11 0.11 
font_1_T 0.95 0.63 0.16 0.16 
font_2_g 0.58 0.47 0.13 0.13 
font_2_r 0.61 0.93 0.22 0.22 
font_2_B 0.77 0.19 0.12 0.12 
font_2_L 0.5 0.14 0.17 0.17 
font_3_l 0.51 0.56 0.2 0.2 
font_3_t 0.88 0.19 0.19 0.19 
font_3_H 0.27 0.9 0.11 0.11 
font_3_S 0.38 0.77 0.11 0.11 
font_4_j 0.33 0.11 0.13 0.13 
font_4_l 0.16 0.29 0.09 0.09 
font_4_E 0.07 0.49 0.13 0.13 
font_4_T 0.15 0.57 0.18 0.18 
font_5_c 0.57 0.27 0.15 0.15 
font_5_n 0.51 0.3 0.17 0.17 
font_5_G 0.31 0.83 0.15 0.15 
font_5_Q 0.85 0.61 0.21 0.21 
font_6_f 0.26 0.05 0.15 0.15 
font_6_l 0.12 0.76 0.18 0.18 
font_6_t 0.34 0.52 0.16 0.16 
font_6_H 0.12 0.88 0.08 0.08 
font_7_j 0.49 0.95 0.1 0.1 
font_7_t 0.25 0.19 0.09 0.09 
font_7_F 0.62 0.5 0.08 0.08 
font_7_Q 0.74 0.58 0.14 0.14 
font_8_e 0.58 0.33 0.11 0.11 
font_8_o 0.68 0.67 0.2 0.2 
font_8_J 0.08 0.78 0.14 0.14 
font_8_N 0.51 0.53 0.14 0.14 
font_9_l 0.43 0.26 0.13 0.13 
font_9_C 0.55 0.53 0.19 0.19 
font_9_R 0.31 0.46 0.11 0.11