font_0_b 0.69 0.8 0.1 0.1 
font_0_m 0.54 0.43 0.13 0.13 
font_1_e 0.48 0.35 0.14 0.14 
font_1_q 0.56 0.89 0.12 0.12 
font_1_H 0.48 0.54 0.16 0.16 
font_1_K 0.41 0.73 0.17 0.17 
font_1_T 0.43 0.9 0.18 0.18 
font_2_k 0.76 0.75 0.11 0.11 
font_2_H 0.75 0.13 0.1 0.1 
font_2_Q 0.89 0.76 0.11 0.11 
font_3_j 0.46 0.69 0.12 0.12 
font_3_k 0.53 0.82 0.1 0.1 
font_3_t 0.64 0.65 0.13 0.13 
font_3_I 0.19 0.88 0.2 0.2 
font_3_Q 0.2 0.67 0.16 0.16 
font_4_d 0.84 0.16 0.12 0.12 
font_4_s 0.22 0.59 0.19 0.19 
font_4_B 0.3 0.17 0.16 0.16 
font_4_K 0.58 0.38 0.18 0.18 
font_4_T 0.54 0.46 0.15 0.15 
font_5_d 0.47 0.16 0.11 0.11 
font_5_o 0.29 0.34 0.18 0.18 
font_5_H 0.4 0.83 0.17 0.17 
font_5_K 0.43 0.46 0.1 0.1 
font_6_t 0.59 0.47 0.1 0.1 
font_6_D 0.2 0.69 0.22 0.22 
font_7_f 0.69 0.48 0.16 0.16 
font_7_l 0.58 0.79 0.09 0.09 
font_7_t 0.12 0.8 0.14 0.14 
font_7_F 0.43 0.69 0.2 0.2 
font_7_N 0.62 0.62 0.12 0.12 
font_8_h 0.31 0.53 0.15 0.15 
font_8_r 0.75 0.79 0.14 0.14 
font_8_J 0.27 0.72 0.17 0.17 
font_8_O 0.66 0.28 0.14 0.14 
font_9_j 0.16 0.73 0.09 0.09 
font_9_l 0.11 0.76 0.14 0.14 
font_9_F 0.32 0.41 0.21 0.21 
font_9_M 0.7 0.45 0.14 0.14