1 0.3075 0.1797 0.0849 0.0895 
17 0.4963 0.6969 0.0674 0.0932 
25 0.7172 0.6417 0.0831 0.1412 
31 0.6772 0.4502 0.0835 0.1267 
43 0.0578 0.8024 0.0885 0.1177 
50 0.8478 0.1505 0.0822 0.0851 
60 0.1865 0.8173 0.0779 0.0931 
72 0.0842 0.4073 0.0969 0.1471 
78 0.2738 0.9142 0.1063 0.1656 
85 0.3296 0.6798 0.0718 0.0942 
102 0.4702 0.8548 0.0517 0.1449 
104 0.3449 0.7088 0.0949 0.1867 
113 0.7279 0.8237 0.0684 0.1638 
117 0.8189 0.7177 0.0891 0.1437 
132 0.3104 0.6253 0.1161 0.2097 
142 0.5569 0.8286 0.0901 0.1584 
151 0.7999 0.0632 0.0663 0.1431 
152 0.7402 0.7188 0.0839 0.1537 
161 0.2445 0.6545 0.0693 0.1517 
173 0.4928 0.1395 0.1045 0.1501 
182 0.7512 0.3494 0.1591 0.1141