1 0.7732 0.0764 0.0849 0.0895 
11 0.8553 0.4833 0.1056 0.1068 
27 0.3141 0.528 0.0785 0.1835 
32 0.4189 0.571 0.0886 0.1227 
46 0.1043 0.6097 0.0401 0.1504 
49 0.7156 0.3477 0.1281 0.0859 
65 0.0981 0.8751 0.0293 0.1422 
73 0.492 0.6469 0.0771 0.0938 
98 0.3707 0.4092 0.1032 0.121 
105 0.2787 0.6547 0.0665 0.1795 
113 0.6325 0.2802 0.0684 0.1638 
116 0.4067 0.6683 0.1461 0.2066 
125 0.3367 0.327 0.1188 0.1581 
137 0.494 0.4 0.0761 0.1662 
143 0.2941 0.2628 0.0569 0.1576 
157 0.321 0.0796 0.0898 0.1718 
172 0.7123 0.7405 0.0934 0.1016 
183 0.201 0.3691 0.1202 0.1263