0 0.1787 0.7709 0.0785 0.1794 
13 0.5334 0.7063 0.0893 0.0882 
20 0.6996 0.5136 0.0769 0.1351 
30 0.7387 0.4164 0.1001 0.1209 
44 0.6311 0.6449 0.0836 0.1352 
49 0.882 0.1453 0.1281 0.0859 
64 0.4965 0.6329 0.0368 0.1146 
80 0.536 0.598 0.0675 0.0928 
86 0.2549 0.3788 0.0217 0.1675 
94 0.39 0.6341 0.0749 0.1658 
101 0.2176 0.6706 0.1026 0.1883 
107 0.1401 0.5873 0.0999 0.1128 
118 0.084 0.2559 0.0973 0.2189 
124 0.1375 0.8827 0.102 0.252 
132 0.701 0.6039 0.1161 0.2097 
140 0.6679 0.6852 0.0612 0.1291 
145 0.496 0.3126 0.1066 0.1066 
160 0.2692 0.0727 0.0226 0.1966 
168 0.7539 0.6145 0.0581 0.1127 
175 0.8954 0.9329 0.1023 0.1889 
181 0.7352 0.7818 0.057 0.1713