7 0.462 0.4049 0.0166 0.1187 
14 0.7629 0.3276 0.073 0.136 
34 0.2241 0.6635 0.0947 0.1537 
44 0.4864 0.079 0.0836 0.1352 
47 0.5139 0.5405 0.0738 0.1368 
59 0.2986 0.1507 0.0913 0.1453 
69 0.6919 0.2653 0.0898 0.1022 
80 0.6069 0.609 0.0675 0.0928 
86 0.7864 0.2256 0.0217 0.1675 
94 0.4255 0.3556 0.0749 0.1658 
100 0.3963 0.5629 0.1076 0.1786 
111 0.4914 0.519 0.0889 0.1158 
119 0.9085 0.6124 0.1339 0.1464 
125 0.6795 0.2155 0.1188 0.1581 
135 0.2817 0.4838 0.0947 0.1832 
142 0.7505 0.2265 0.0901 0.1584 
151 0.2129 0.1476 0.0663 0.1431 
155 0.9212 0.5562 0.0858 0.1185 
168 0.543 0.5396 0.0581 0.1127 
175 0.5313 0.5057 0.1023 0.1889 
187 0.8938 0.7324 0.0957 0.1177