0 0.9459 0.2757 0.0785 0.1794 
10 0.419 0.515 0.0124 0.2155 
18 0.5287 0.5386 0.0756 0.2162 
19 0.198 0.4658 0.0905 0.1402 
36 0.2994 0.5479 0.0823 0.116 
46 0.0736 0.2318 0.0401 0.1504 
52 0.8046 0.7167 0.0935 0.1176 
64 0.3837 0.1543 0.0368 0.1146 
72 0.2847 0.9334 0.0969 0.1471 
76 0.3286 0.6163 0.1034 0.1668 
87 0.584 0.3172 0.1115 0.1013 
98 0.1218 0.3014 0.1032 0.121 
112 0.0639 0.115 0.0736 0.1399 
114 0.7608 0.8981 0.0568 0.2452 
128 0.5698 0.3594 0.103 0.1767 
139 0.7601 0.3295 0.1005 0.1601 
151 0.5073 0.621 0.0663 0.1431 
157 0.0998 0.4868 0.0898 0.1718 
162 0.6345 0.6438 0.0179 0.1516 
172 0.1834 0.3965 0.0934 0.1016 
189 0.7687 0.6117 0.1279 0.1538