font_0_d 0.82 0.14 0.14 0.14 
font_0_k 0.56 0.25 0.1 0.1 
font_0_t 0.14 0.46 0.14 0.14 
font_0_G 0.21 0.62 0.16 0.16 
font_0_P 0.46 0.5 0.15 0.15 
font_1_c 0.87 0.48 0.15 0.15 
font_1_r 0.41 0.43 0.11 0.11 
font_1_B 0.4 0.21 0.12 0.12 
font_1_L 0.78 0.64 0.21 0.21 
font_1_T 0.56 0.24 0.16 0.16 
font_2_n 0.7 0.35 0.14 0.14 
font_2_G 0.14 0.36 0.09 0.09 
font_3_h 0.16 0.78 0.14 0.14 
font_3_k 0.24 0.86 0.08 0.08 
font_3_B 0.14 0.46 0.19 0.19 
font_3_N 0.35 0.83 0.17 0.17 
font_4_g 0.72 0.32 0.13 0.13 
font_4_k 0.21 0.18 0.17 0.17 
font_4_G 0.14 0.84 0.12 0.12 
font_4_N 0.72 0.18 0.12 0.12 
font_5_g 0.89 0.33 0.21 0.21 
font_5_F 0.47 0.48 0.2 0.2 
font_5_R 0.3 0.79 0.16 0.16 
font_6_e 0.4 0.67 0.16 0.16 
font_6_s 0.62 0.27 0.14 0.14 
font_6_J 0.52 0.68 0.14 0.14 
font_6_N 0.39 0.85 0.16 0.16 
font_7_j 0.63 0.88 0.18 0.18 
font_7_p 0.44 0.27 0.13 0.13 
font_7_B 0.37 0.39 0.09 0.09 
font_7_L 0.45 0.82 0.16 0.16 
font_7_T 0.75 0.17 0.2 0.2 
font_8_c 0.8 0.67 0.11 0.11 
font_8_n 0.27 0.49 0.18 0.18 
font_8_J 0.2 0.17 0.15 0.15 
font_8_N 0.4 0.8 0.21 0.21 
font_9_i 0.8 0.74 0.09 0.09 
font_9_p 0.53 0.15 0.11 0.11 
font_9_L 0.25 0.63 0.11 0.11 
font_9_T 0.6 0.31 0.08 0.08