11 0.649 0.7722 0.1056 0.1068 
26 0.7814 0.4187 0.058 0.1466 
32 0.5051 0.9416 0.0886 0.1227 
44 0.9118 0.1631 0.0836 0.1352 
50 0.7334 0.1269 0.0822 0.0851 
65 0.4115 0.2035 0.0293 0.1422 
71 0.9317 0.5229 0.0861 0.1494 
82 0.9115 0.113 0.0945 0.1639 
85 0.0849 0.8626 0.0718 0.0942 
103 0.1537 0.49 0.0617 0.2263 
104 0.2959 0.7033 0.0949 0.1867 
114 0.7162 0.4375 0.0568 0.2452 
125 0.4046 0.8726 0.1188 0.1581 
138 0.6719 0.9252 0.0875 0.1617 
145 0.1842 0.197 0.1066 0.1066 
154 0.4502 0.2443 0.0799 0.1517 
178 0.2626 0.1534 0.0415 0.1387 
186 0.5037 0.6019 0.1007 0.1584