font_0_g 0.73 0.24 0.17 0.17 
font_0_k 0.74 0.3 0.1 0.1 
font_0_t 0.36 0.33 0.21 0.21 
font_0_H 0.39 0.39 0.17 0.17 
font_0_K 0.49 0.07 0.09 0.09 
font_0_T 0.55 0.86 0.14 0.14 
font_1_r 0.41 0.84 0.11 0.11 
font_1_E 0.78 0.56 0.21 0.21 
font_1_L 0.64 0.64 0.12 0.12 
font_1_T 0.05 0.16 0.2 0.2 
font_2_c 0.31 0.76 0.19 0.19 
font_2_n 0.46 0.57 0.17 0.17 
font_2_F 0.64 0.68 0.13 0.13 
font_2_P 0.12 0.64 0.18 0.18 
font_3_j 0.07 0.78 0.11 0.11 
font_3_q 0.3 0.94 0.17 0.17 
font_3_B 0.2 0.37 0.12 0.12 
font_3_Q 0.79 0.83 0.08 0.08 
font_4_i 0.18 0.29 0.12 0.12 
font_4_k 0.06 0.77 0.08 0.08 
font_4_t 0.6 0.31 0.12 0.12 
font_4_I 0.49 0.48 0.2 0.2 
font_4_K 0.72 0.53 0.12 0.12 
font_4_T 0.23 0.33 0.18 0.18 
font_5_p 0.71 0.8 0.22 0.22 
font_5_C 0.39 0.28 0.13 0.13 
font_5_S 0.9 0.74 0.13 0.13 
font_6_b 0.72 0.65 0.1 0.1 
font_6_t 0.13 0.37 0.14 0.14 
font_6_B 0.72 0.72 0.1 0.1 
font_6_T 0.17 0.45 0.09 0.09 
font_7_d 0.49 0.23 0.16 0.16 
font_7_k 0.53 0.22 0.19 0.19 
font_7_t 0.68 0.65 0.16 0.16 
font_7_B 0.14 0.34 0.11 0.11 
font_7_Q 0.27 0.47 0.08 0.08 
font_8_c 0.85 0.38 0.11 0.11 
font_8_n 0.33 0.33 0.13 0.13 
font_8_G 0.67 0.26 0.2 0.2 
font_8_L 0.74 0.58 0.14 0.14 
font_8_T 0.63 0.64 0.15 0.15 
font_9_e 0.9 0.88 0.09 0.09 
font_9_q 0.53 0.43 0.22 0.22 
font_9_I 0.66 0.18 0.21 0.21 
font_9_L 0.7 0.18 0.16 0.16