font_0_h 0.72 0.86 0.22 0.22 
font_0_l 0.46 0.65 0.16 0.16 
font_0_E 0.59 0.42 0.1 0.1 
font_0_P 0.95 0.67 0.13 0.13 
font_1_h 0.59 0.2 0.09 0.09 
font_1_q 0.65 0.46 0.18 0.18 
font_1_K 0.49 0.62 0.21 0.21 
font_1_T 0.4 0.89 0.15 0.15 
font_2_e 0.36 0.89 0.08 0.08 
font_2_k 0.74 0.71 0.19 0.19 
font_2_t 0.51 0.51 0.19 0.19 
font_2_J 0.59 0.72 0.19 0.19 
font_2_O 0.08 0.49 0.14 0.14 
font_3_b 0.39 0.58 0.16 0.16 
font_3_p 0.71 0.9 0.13 0.13 
font_3_H 0.65 0.3 0.21 0.21 
font_3_N 0.68 0.86 0.21 0.21 
font_4_f 0.88 0.28 0.21 0.21 
font_4_L 0.61 0.51 0.12 0.12 
font_4_T 0.39 0.8 0.12 0.12 
font_5_i 0.85 0.21 0.2 0.2 
font_5_r 0.41 0.53 0.12 0.12 
font_5_B 0.4 0.82 0.22 0.22 
font_5_S 0.82 0.85 0.09 0.09 
font_6_j 0.31 0.06 0.14 0.14 
font_6_t 0.84 0.91 0.2 0.2 
font_6_E 0.37 0.26 0.14 0.14 
font_6_S 0.23 0.19 0.1 0.1 
font_7_d 0.62 0.28 0.2 0.2 
font_7_s 0.79 0.87 0.09 0.09 
font_7_B 0.17 0.21 0.19 0.19 
font_7_T 0.14 0.33 0.21 0.21 
font_8_i 0.69 0.9 0.1 0.1 
font_8_s 0.81 0.53 0.1 0.1 
font_8_G 0.62 0.15 0.2 0.2 
font_8_O 0.18 0.77 0.11 0.11 
font_9_i 0.39 0.1 0.16 0.16 
font_9_k 0.4 0.4 0.15 0.15 
font_9_H 0.19 0.89 0.13 0.13 
font_9_R 0.2 0.58 0.2 0.2