font_0_h 0.55 0.19 0.11 0.11 
font_0_r 0.85 0.29 0.11 0.11 
font_0_C 0.11 0.88 0.22 0.22 
font_1_h 0.63 0.8 0.21 0.21 
font_1_l 0.49 0.2 0.15 0.15 
font_1_t 0.47 0.19 0.19 0.19 
font_1_J 0.84 0.72 0.19 0.19 
font_2_h 0.28 0.11 0.17 0.17 
font_2_r 0.51 0.53 0.12 0.12 
font_2_G 0.29 0.86 0.14 0.14 
font_2_O 0.31 0.47 0.18 0.18 
font_3_g 0.36 0.41 0.19 0.19 
font_3_I 0.39 0.69 0.22 0.22 
font_3_N 0.25 0.64 0.19 0.19 
font_4_j 0.67 0.89 0.21 0.21 
font_4_o 0.87 0.57 0.19 0.19 
font_4_F 0.33 0.71 0.18 0.18 
font_4_M 0.28 0.79 0.14 0.14 
font_5_e 0.84 0.17 0.12 0.12 
font_5_I 0.74 0.68 0.2 0.2 
font_5_K 0.84 0.89 0.17 0.17 
font_5_T 0.63 0.48 0.13 0.13 
font_6_i 0.35 0.75 0.1 0.1 
font_6_k 0.15 0.7 0.19 0.19 
font_6_I 0.81 0.7 0.11 0.11 
font_6_S 0.56 0.47 0.16 0.16 
font_7_d 0.48 0.59 0.17 0.17 
font_7_m 0.59 0.41 0.1 0.1 
font_7_G 0.74 0.23 0.17 0.17 
font_7_Q 0.28 0.1 0.13 0.13 
font_8_e 0.43 0.78 0.15 0.15 
font_8_n 0.57 0.48 0.17 0.17 
font_8_H 0.16 0.54 0.19 0.19 
font_8_L 0.66 0.18 0.21 0.21 
font_8_T 0.61 0.62 0.2 0.2 
font_9_b 0.47 0.31 0.14 0.14 
font_9_k 0.47 0.5 0.09 0.09 
font_9_t 0.23 0.84 0.08 0.08 
font_9_J 0.25 0.43 0.21 0.21 
font_9_O 0.14 0.57 0.09 0.09