0 0.4117 0.2185 0.0785 0.1794 
13 0.1368 0.4427 0.0893 0.0882 
19 0.9234 0.499 0.0905 0.1402 
29 0.7075 0.4097 0.0327 0.155 
42 0.7698 0.7606 0.0463 0.1359 
49 0.2694 0.7007 0.1281 0.0859 
62 0.0807 0.3672 0.0932 0.1416 
71 0.4209 0.3266 0.0861 0.1494 
83 0.6533 0.2148 0.0208 0.115 
96 0.6332 0.507 0.0885 0.1198 
111 0.1318 0.4902 0.0889 0.1158 
117 0.3277 0.2654 0.0891 0.1437 
132 0.6618 0.295 0.1161 0.2097 
139 0.3611 0.4928 0.1005 0.1601 
142 0.1068 0.7552 0.0901 0.1584 
152 0.8908 0.3413 0.0839 0.1537 
165 0.4558 0.2811 0.0862 0.1114 
177 0.3574 0.8464 0.099 0.179 
188 0.2358 0.8231 0.0791 0.1513