1 0.86 0.7167 0.0849 0.0895 
17 0.1077 0.8174 0.0674 0.0932 
22 0.1338 0.683 0.0951 0.1098 
36 0.6348 0.6748 0.0823 0.116 
42 0.1301 0.7415 0.0463 0.1359 
56 0.5438 0.4881 0.0416 0.1175 
63 0.7585 0.886 0.0694 0.1477 
72 0.4788 0.1286 0.0969 0.1471 
78 0.7298 0.0652 0.1063 0.1656 
86 0.421 0.2542 0.0217 0.1675 
94 0.2791 0.6797 0.0749 0.1658 
103 0.93 0.363 0.0617 0.2263 
106 0.7204 0.1175 0.152 0.1135 
122 0.1758 0.8819 0.1193 0.1699 
132 0.3642 0.59 0.1161 0.2097 
134 0.4773 0.8609 0.0879 0.1003 
143 0.7635 0.2485 0.0569 0.1576 
159 0.395 0.4315 0.0203 0.1516 
164 0.6264 0.3059 0.084 0.1139 
174 0.2796 0.8501 0.0805 0.1183 
189 0.3976 0.7897 0.1279 0.1538