font_0_i 0.26 0.91 0.14 0.14 
font_0_p 0.86 0.49 0.12 0.12 
font_0_D 0.21 0.79 0.15 0.15 
font_0_P 0.37 0.35 0.2 0.2 
font_1_g 0.78 0.11 0.21 0.21 
font_1_m 0.11 0.55 0.15 0.15 
font_1_G 0.9 0.12 0.16 0.16 
font_1_Q 0.23 0.23 0.15 0.15 
font_2_c 0.14 0.81 0.21 0.21 
font_2_l 0.04 0.64 0.09 0.09 
font_2_D 0.2 0.94 0.09 0.09 
font_2_L 0.41 0.28 0.16 0.16 
font_3_c 0.63 0.74 0.15 0.15 
font_3_q 0.09 0.79 0.13 0.13 
font_3_K 0.83 0.81 0.11 0.11 
font_3_T 0.76 0.6 0.1 0.1 
font_4_m 0.13 0.88 0.18 0.18 
font_4_H 0.85 0.93 0.11 0.11 
font_4_R 0.48 0.08 0.11 0.11 
font_5_i 0.58 0.17 0.16 0.16 
font_5_m 0.26 0.46 0.16 0.16 
font_5_S 0.74 0.07 0.15 0.15 
font_6_b 0.84 0.47 0.2 0.2 
font_6_m 0.36 0.34 0.2 0.2 
font_6_I 0.56 0.52 0.22 0.22 
font_6_T 0.79 0.83 0.13 0.13 
font_7_j 0.22 0.44 0.16 0.16 
font_7_s 0.23 0.62 0.11 0.11 
font_7_E 0.61 0.2 0.18 0.18 
font_7_P 0.81 0.34 0.12 0.12 
font_8_i 0.17 0.32 0.18 0.18 
font_8_p 0.2 0.29 0.15 0.15 
font_8_H 0.43 0.26 0.09 0.09 
font_8_Q 0.91 0.48 0.13 0.13 
font_9_b 0.86 0.14 0.09 0.09 
font_9_I 0.69 0.52 0.2 0.2 
font_9_N 0.57 0.58 0.1 0.1