6 0.0765 0.3228 0.0636 0.1835 
16 0.3053 0.8527 0.0752 0.101 
32 0.2343 0.3815 0.0886 0.1227 
41 0.5756 0.2177 0.0861 0.0861 
52 0.7093 0.3913 0.0935 0.1176 
64 0.8965 0.6683 0.0368 0.1146 
66 0.5141 0.2777 0.0736 0.15 
86 0.4919 0.4898 0.0217 0.1675 
94 0.4374 0.1159 0.0749 0.1658 
100 0.7677 0.4727 0.1076 0.1786 
106 0.5183 0.0818 0.152 0.1135 
121 0.6767 0.17 0.084 0.1645 
124 0.7189 0.2408 0.102 0.252 
139 0.6192 0.4122 0.1005 0.1601 
145 0.5266 0.2059 0.1066 0.1066 
155 0.604 0.5023 0.0858 0.1185 
168 0.2992 0.236 0.0581 0.1127 
172 0.6572 0.679 0.0934 0.1016 
181 0.5688 0.665 0.057 0.1713