font_0_d 0.44 0.38 0.08 0.08 
font_0_r 0.82 0.21 0.09 0.09 
font_0_C 0.43 0.2 0.09 0.09 
font_0_K 0.45 0.41 0.18 0.18 
font_1_s 0.3 0.66 0.19 0.19 
font_1_B 0.54 0.54 0.13 0.13 
font_1_O 0.2 0.2 0.16 0.16 
font_2_p 0.2 0.46 0.16 0.16 
font_2_J 0.85 0.32 0.08 0.08 
font_2_Q 0.79 0.37 0.22 0.22 
font_3_j 0.12 0.88 0.08 0.08 
font_3_s 0.41 0.15 0.13 0.13 
font_3_I 0.37 0.59 0.15 0.15 
font_3_S 0.46 0.7 0.18 0.18 
font_4_i 0.2 0.9 0.13 0.13 
font_4_l 0.22 0.49 0.12 0.12 
font_4_Q 0.17 0.33 0.15 0.15 
font_5_j 0.8 0.82 0.18 0.18 
font_5_t 0.4 0.57 0.18 0.18 
font_5_G 0.5 0.12 0.16 0.16 
font_5_P 0.62 0.28 0.2 0.2 
font_6_j 0.25 0.72 0.19 0.19 
font_6_l 0.8 0.26 0.18 0.18 
font_6_E 0.25 0.59 0.09 0.09 
font_6_Q 0.3 0.84 0.15 0.15 
font_7_c 0.31 0.44 0.16 0.16 
font_7_n 0.23 0.38 0.19 0.19 
font_7_D 0.2 0.48 0.2 0.2 
font_8_h 0.76 0.25 0.14 0.14 
font_8_l 0.35 0.89 0.19 0.19 
font_8_t 0.49 0.4 0.2 0.2 
font_8_D 0.41 0.79 0.21 0.21 
font_8_P 0.88 0.39 0.18 0.18 
font_9_I 0.38 0.45 0.15 0.15 
font_9_L 0.8 0.75 0.17 0.17