font_0_c 0.24 0.65 0.15 0.15 
font_0_l 0.4 0.23 0.11 0.11 
font_0_t 0.17 0.75 0.14 0.14 
font_0_H 0.31 0.36 0.2 0.2 
font_0_K 0.42 0.35 0.09 0.09 
font_1_b 0.63 0.17 0.19 0.19 
font_1_t 0.04 0.2 0.1 0.1 
font_1_C 0.93 0.8 0.11 0.11 
font_1_L 0.26 0.5 0.15 0.15 
font_2_e 0.91 0.63 0.2 0.2 
font_2_q 0.87 0.87 0.11 0.11 
font_2_I 0.24 0.83 0.19 0.19 
font_2_P 0.77 0.52 0.13 0.13 
font_3_o 0.56 0.93 0.1 0.1 
font_3_B 0.52 0.37 0.11 0.11 
font_3_K 0.9 0.91 0.2 0.2 
font_4_f 0.11 0.89 0.21 0.21 
font_4_C 0.84 0.64 0.11 0.11 
font_4_O 0.71 0.41 0.12 0.12 
font_5_c 0.7 0.44 0.18 0.18 
font_5_r 0.37 0.45 0.18 0.18 
font_5_H 0.65 0.25 0.1 0.1 
font_5_K 0.55 0.45 0.14 0.14 
font_6_f 0.8 0.35 0.16 0.16 
font_6_T 0.85 0.59 0.2 0.2 
font_7_d 0.57 0.66 0.09 0.09 
font_7_J 0.1 0.86 0.12 0.12 
font_7_Q 0.96 0.07 0.17 0.17 
font_8_k 0.29 0.48 0.17 0.17 
font_8_t 0.2 0.05 0.12 0.12 
font_8_D 0.05 0.46 0.21 0.21 
font_8_N 0.63 0.58 0.11 0.11 
font_9_c 0.58 0.71 0.16 0.16 
font_9_C 0.39 0.49 0.08 0.08