font_0_h 0.11 0.35 0.16 0.16 
font_0_m 0.44 0.44 0.21 0.21 
font_0_D 0.17 0.19 0.13 0.13 
font_0_Q 0.59 0.43 0.1 0.1 
font_1_h 0.83 0.85 0.1 0.1 
font_1_E 0.78 0.92 0.15 0.15 
font_1_K 0.56 0.44 0.18 0.18 
font_1_T 0.62 0.3 0.16 0.16 
font_2_l 0.46 0.45 0.2 0.2 
font_2_F 0.16 0.66 0.12 0.12 
font_2_N 0.11 0.13 0.17 0.17 
font_3_g 0.65 0.54 0.2 0.2 
font_3_t 0.17 0.5 0.11 0.11 
font_3_C 0.87 0.62 0.15 0.15 
font_3_M 0.24 0.93 0.09 0.09 
font_4_e 0.12 0.53 0.1 0.1 
font_4_q 0.94 0.68 0.13 0.13 
font_4_P 0.44 0.6 0.14 0.14 
font_5_i 0.12 0.16 0.13 0.13 
font_5_p 0.63 0.7 0.12 0.12 
font_5_J 0.8 0.41 0.11 0.11 
font_5_R 0.26 0.38 0.11 0.11 
font_6_c 0.93 0.5 0.09 0.09 
font_6_k 0.89 0.72 0.16 0.16 
font_6_F 0.05 0.06 0.21 0.21 
font_6_M 0.07 0.29 0.2 0.2 
font_7_h 0.34 0.3 0.14 0.14 
font_7_k 0.78 0.93 0.19 0.19 
font_7_t 0.38 0.45 0.18 0.18 
font_7_G 0.7 0.6 0.18 0.18 
font_7_Q 0.67 0.38 0.08 0.08 
font_8_f 0.45 0.12 0.17 0.17 
font_8_l 0.76 0.74 0.12 0.12 
font_8_t 0.25 0.81 0.18 0.18 
font_8_K 0.24 0.56 0.19 0.19 
font_9_e 0.9 0.29 0.2 0.2 
font_9_m 0.51 0.66 0.12 0.12 
font_9_G 0.21 0.56 0.16 0.16 
font_9_N 0.18 0.68 0.18 0.18