font_0_d 0.69 0.36 0.21 0.21 
font_0_J 0.39 0.09 0.19 0.19 
font_0_Q 0.44 0.42 0.18 0.18 
font_1_e 0.04 0.66 0.18 0.18 
font_1_q 0.93 0.95 0.21 0.21 
font_1_I 0.53 0.15 0.13 0.13 
font_1_P 0.68 0.23 0.17 0.17 
font_2_c 0.72 0.79 0.11 0.11 
font_2_l 0.39 0.94 0.18 0.18 
font_2_t 0.9 0.54 0.1 0.1 
font_2_H 0.21 0.06 0.19 0.19 
font_2_K 0.5 0.34 0.22 0.22 
font_3_c 0.2 0.39 0.17 0.17 
font_3_C 0.84 0.45 0.19 0.19 
font_4_k 0.58 0.71 0.12 0.12 
font_4_t 0.45 0.05 0.1 0.1 
font_4_D 0.2 0.38 0.11 0.11 
font_4_N 0.87 0.39 0.21 0.21 
font_5_c 0.69 0.65 0.2 0.2 
font_5_r 0.1 0.35 0.13 0.13 
font_5_H 0.68 0.38 0.09 0.09 
font_5_K 0.33 0.44 0.14 0.14 
font_6_b 0.16 0.28 0.21 0.21 
font_6_t 0.43 0.18 0.18 0.18 
font_6_C 0.96 0.35 0.21 0.21 
font_6_L 0.28 0.11 0.13 0.13 
font_7_f 0.23 0.6 0.17 0.17 
font_7_C 0.93 0.36 0.21 0.21 
font_7_O 0.69 0.32 0.16 0.16 
font_8_f 0.4 0.58 0.14 0.14 
font_8_T 0.64 0.37 0.21 0.21 
font_9_o 0.71 0.34 0.14 0.14 
font_9_B 0.94 0.62 0.13 0.13 
font_9_K 0.1 0.62 0.13 0.13